user_id,M_global_R_APC
30607940,0.29536864
4960888,0.29551599
17209130,0.29556595
26162883,0.29556616
7201211,0.29562398
3814692,0.29562542
22764410,0.2956829
14127209,0.29578277
21998773,0.29579766
33240381,0.29585008
4703921,0.29587782
48079933,0.29588856
15448000,0.2959075
3264644,0.29592558
29759478,0.29593346
2310965,0.29594309
49827221,0.29601305
14904841,0.29604593
49634999,0.29608882
29555150,0.29613028
36180289,0.29613623
14619379,0.29617568
38622779,0.29617808
48841737,0.29624495
4851374,0.2962837
19200558,0.29642711
11730582,0.29649271
30054697,0.29661812
38379435,0.29665344
14654826,0.29668005
21792622,0.29670561
1058776,0.29674693
13355787,0.29675423
16094503,0.29685403
37968984,0.29689082
26545874,0.29701941
4094987,0.29712575
15173004,0.29712698
30932256,0.2971829
34759338,0.29722155
36999996,0.29724954
31503406,0.29731765
17430731,0.29735469
9584848,0.29740542
33436902,0.29747493
21621000,0.29761534
41558084,0.29762552
19593786,0.29775459
26044203,0.29783417
49775495,0.29786341
11091471,0.29789225
13251318,0.29792485
36708275,0.29808283
35824857,0.29811912
14625089,0.29818538
3245453,0.29819484
3488981,0.29821781
16592984,0.2982665
48878979,0.29845161
3630479,0.29853501
38884275,0.29857224
35233465,0.29858254
49380085,0.29858587
15623068,0.29859788
24443544,0.29867638
42905691,0.29878388
39390490,0.29878452
21696795,0.29879873
48249462,0.2988245
45243045,0.29890508
21269650,0.29894949
46830222,0.29903313
4895714,0.29903371
35547661,0.29906254
15912794,0.29907993
47248786,0.29909649
5810176,0.29910474
39600166,0.29923067
46057100,0.29924687
30667447,0.29941038
6050528,0.2994782
2760978,0.2995428
22360067,0.29961568
9014869,0.2996483
47476132,0.29970495
8020543,0.29974342
41728275,0.29976947
15503736,0.30004201
7592162,0.30009898
27222068,0.30014651
45732248,0.3001511
20311905,0.30015969
25106379,0.30022441
25656971,0.30022919
48245444,0.30023082
13366357,0.30035686
48125054,0.30045602
14705172,0.30046755
39968679,0.30048719
32717381,0.30052194
35479046,0.30053309
15739176,0.30060301
10159486,0.30071992
6532902,0.30072196
47028289,0.30077678
6936483,0.30090014
26387795,0.30107173
24993266,0.30112026
3043461,0.30117384
33624110,0.30118951
19283281,0.30138304
38965061,0.30140367
5849136,0.30144173
19378175,0.3015608
41616256,0.30158462
21349644,0.30159027
5657493,0.30170964
4154544,0.30172629
18541122,0.30173614
49022892,0.30176551
31590142,0.30178531
14672219,0.30179185
15328302,0.30191979
11362235,0.30195278
19223051,0.30198416
5516241,0.30203049
3815094,0.30212454
23115942,0.30219258
17727766,0.30222263
2878208,0.30231666
35226943,0.30238083
33603777,0.30240966
5370371,0.30250074
49862688,0.30251105
7301841,0.30252945
5563917,0.30259298
12889620,0.30269619
20276731,0.302744
33144837,0.30285052
32348390,0.30286217
20498177,0.30289903
8837346,0.3029354
48089059,0.30297733
9092261,0.30298542
36729668,0.3030213
29567818,0.30308459
20044202,0.30311596
30410303,0.30317831
20707779,0.30319336
7546184,0.30338478
49259242,0.30339087
8795438,0.30340921
9525534,0.30343814
47897650,0.30358877
3177206,0.30361099
49887143,0.30367863
38839032,0.30385421
3631665,0.30390063
11194138,0.30391598
6782543,0.30410188
7495015,0.3041684
34883912,0.30425491
39788101,0.30431555
13312841,0.30435758
10715512,0.30437887
17984303,0.30442535
10713419,0.30444568
10681409,0.30446254
47255227,0.30449947
20033514,0.30453581
6923313,0.30460546
9178381,0.30460748
38109236,0.30461086
26874346,0.3046239
6683652,0.30464136
5263271,0.30465424
10826465,0.30466829
37461830,0.30473013
47118282,0.30473198
40242940,0.30474019
7982674,0.304748
36586346,0.30480214
29260040,0.30480321
35585554,0.30482799
14223094,0.30483494
20261443,0.30496011
45920048,0.30498622
28649993,0.30499126
5592846,0.30504204
36220499,0.30509662
31743615,0.30509741
25057857,0.30511169
49773880,0.30515544
2198623,0.30522213
38857820,0.30529593
20171831,0.30533215
2813103,0.30540925
31032593,0.3054795
11359996,0.30548824
6274206,0.30550766
8320696,0.30570035
14948987,0.30572692
14568621,0.3057675
49500971,0.30593229
31065865,0.30605019
17371068,0.30607406
40928207,0.30620202
13161589,0.30625439
5865059,0.30627102
35528228,0.30628638
9331487,0.30641633
24175312,0.30641828
30884369,0.3064677
28659427,0.3065459
11818132,0.30658788
4227149,0.30661257
5827751,0.30673953
42714317,0.30698547
11032924,0.30699994
32900863,0.30701972
41864480,0.30705066
13553486,0.30716598
6578509,0.30719604
9088103,0.30726409
19122712,0.30739791
47792822,0.30739881
37867563,0.30743072
39175573,0.30743528
31679654,0.30760133
38598019,0.30760655
45189770,0.30762737
25640404,0.30764258
19646067,0.30766111
10881901,0.30775086
41000772,0.3077615
21383897,0.30787929
2287295,0.30793862
9350953,0.30800546
6197643,0.30800737
7779597,0.30801304
30162791,0.3081477
29209254,0.30820773
3732812,0.30837703
41693374,0.30842003
7863956,0.30846202
49704077,0.30847108
24673648,0.30849811
30762814,0.30850654
48126217,0.30856006
11931298,0.30861336
3094815,0.30870493
49758473,0.30871172
22222908,0.30871951
41095565,0.30873108
47547517,0.30888056
22419008,0.30893203
19251940,0.30896365
31005504,0.30897764
6057461,0.30899563
45624318,0.30909529
3468254,0.30912636
46323747,0.30916975
4981437,0.30917793
17399932,0.30937341
19393630,0.30940216
48858093,0.30942955
4931051,0.30944258
33761331,0.30947061
47192907,0.30949055
21399829,0.30966064
6068470,0.30986912
47647516,0.30991747
2649794,0.30992356
19008038,0.30993932
4168178,0.30999277
42489867,0.31011547
21595017,0.31013334
35200362,0.31013354
33796394,0.31016349
15708028,0.31022249
4530700,0.31029427
49547209,0.31035603
48433589,0.31045427
47520348,0.31045879
24027560,0.31053114
18889057,0.31060088
28447182,0.31061728
2199141,0.31067328
15536928,0.31069771
21132397,0.31077296
4935597,0.31082564
47666074,0.31086049
2112074,0.31094399
10177574,0.31095007
29723945,0.31100862
24949080,0.31108708
48366346,0.31125112
11929127,0.31126645
18023238,0.31134399
31042003,0.31139513
48153939,0.31141355
41702834,0.31146548
36245205,0.31148129
32994955,0.31153752
5502596,0.31156607
45161465,0.31157013
24100586,0.31163412
10381061,0.31174529
25931631,0.31178308
8239265,0.31180043
45288511,0.31180189
7694629,0.31183263
10756938,0.31194531
6469322,0.31196607
16730539,0.31212495
31390110,0.31219524
36729959,0.31222342
6352585,0.31228656
32893691,0.31232629
40810572,0.31238035
5216305,0.31241483
15360603,0.3124313
6781030,0.31251742
19874669,0.31252365
15919771,0.31254079
36743607,0.31255271
6566442,0.31263115
4512957,0.31264894
38239553,0.31266854
10368134,0.31268677
9936070,0.31276544
26673104,0.31276627
19807934,0.3127882
46184730,0.3128034
4513959,0.31287944
4592065,0.31293939
7653788,0.31297772
33346200,0.31298266
47479801,0.31310761
5983120,0.31314215
37214461,0.31315009
10545399,0.31327358
34633121,0.31333423
49803883,0.31345271
5943732,0.31347878
12374721,0.31352969
15827171,0.31353883
13091520,0.31362246
12474933,0.31362449
25020412,0.31369879
32857603,0.31379939
2355387,0.31381245
13073035,0.3138666
7198372,0.31392553
18016381,0.31401546
42428256,0.31406148
48037942,0.31416914
8542576,0.31417764
42968852,0.31418261
6358116,0.31433301
16321952,0.3143725
48778840,0.3144163
28681214,0.31446636
26987128,0.31461749
14718956,0.31462263
32056396,0.31463625
49470340,0.31471667
39497876,0.31482027
42912808,0.3149707
27082582,0.31506021
21191631,0.3150975
6340076,0.31514605
20610455,0.31517089
22724642,0.31518286
3628128,0.31534151
2590118,0.31538515
31364119,0.31538805
37006175,0.31539437
49433509,0.31551845
10757402,0.31566306
39641489,0.31570932
15610740,0.31571458
42662657,0.31581015
4785261,0.31581439
45968197,0.31583246
39229443,0.31607229
6606871,0.31608539
18652720,0.31614576
17836319,0.31619874
21801509,0.31623845
2703135,0.31625673
18056937,0.31635549
13939731,0.31637477
21131138,0.31647035
49154327,0.31657397
47473765,0.31666082
40309140,0.31668947
32381204,0.31670015
10176536,0.31686332
17190745,0.31697493
8692808,0.31702441
3350439,0.31720753
12340764,0.31727206
32938243,0.31727757
47332074,0.31733741
8991910,0.31734577
4740286,0.3173669
32691167,0.31740501
13004967,0.31742738
10811573,0.31743892
42640315,0.31751719
37792577,0.31761646
26310409,0.31777022
15989131,0.31777207
22056226,0.31781538
25825390,0.31793167
37069529,0.317988
47639902,0.31799422
18641939,0.3180856
8156389,0.31819961
22714479,0.31823443
2013259,0.31831159
6594830,0.31855317
3769502,0.31867811
41632939,0.31868188
6810365,0.31874022
3289066,0.31876437
4750611,0.31877906
46984892,0.3187902
47259503,0.31883571
2244480,0.318945
5591995,0.31905012
5442632,0.31908217
17603656,0.31908742
32006640,0.3191997
6310650,0.31924769
9150634,0.31927328
45390997,0.31934957
22565753,0.31942935
11141554,0.31947038
37361907,0.31949653
17645104,0.31950085
34236955,0.31968143
8589595,0.3198105
30352097,0.31982677
21834049,0.31984305
34378476,0.31984776
48349263,0.31993193
16589736,0.31998052
7593179,0.32020352
11644967,0.32027859
48492426,0.32031641
33637260,0.32034433
49037393,0.32035201
20723610,0.32043792
8326900,0.32054057
31171794,0.32055639
16113985,0.32077734
43065749,0.32081599
8750815,0.32094079
18231753,0.32128521
35930357,0.32129727
34340213,0.3213737
7263238,0.32138333
5091085,0.32166571
21026041,0.32169621
29945725,0.3217287
2644695,0.32173325
27776403,0.32177137
36645667,0.32185027
49535589,0.32190505
9362415,0.32217547
20851912,0.32225923
47383118,0.32227264
10305118,0.32235497
42219144,0.32242574
10354710,0.32249101
10638992,0.32251814
16967195,0.32259686
48541170,0.32264337
15401203,0.32291946
40368239,0.32299843
8889471,0.32306227
20257962,0.32317931
38884924,0.32322204
13728997,0.32331713
13816443,0.32331876
16280342,0.32339585
29116468,0.32343229
9397579,0.32355813
2798195,0.3235852
31132106,0.32359678
45220057,0.32379593
40416260,0.32382503
8038619,0.32383243
41966823,0.32389412
7130208,0.32391432
5169260,0.32399006
25208555,0.32404593
29985012,0.32415378
47067358,0.3242594
10722565,0.32435019
10918083,0.32441467
47076754,0.32449196
21157672,0.32452664
42845367,0.324559
25986779,0.32469004
15712810,0.32471246
34639954,0.32473437
42873093,0.32482038
3734720,0.32497643
32031865,0.32499085
39667686,0.32501027
33989728,0.32501446
46872368,0.32503223
18159242,0.32505555
30905007,0.32507453
48998558,0.32512848
19445047,0.32530786
30566551,0.32535253
16814310,0.32541603
26651818,0.32547956
32701023,0.32550931
36287078,0.32567696
7302292,0.32575632
10810145,0.32593393
39785637,0.32593715
27974865,0.32603833
30502200,0.32624001
12344688,0.32641306
16101101,0.32644866
7433889,0.32663256
47244074,0.32678466
34454582,0.32684967
49699629,0.32702427
7728718,0.3270663
5908097,0.32714435
15571350,0.32734544
40680556,0.3274392
3739205,0.32744222
34755359,0.32750879
18435051,0.32758261
8903245,0.32764642
20391799,0.32768693
26323935,0.32768781
40029632,0.32776129
38082243,0.32787833
5350860,0.32804468
19916420,0.32807788
26972140,0.32811451
8083774,0.32811953
2747640,0.3281653
2459995,0.3284533
49687571,0.32861154
21807433,0.32873603
13171969,0.32887127
45244460,0.32896925
21512164,0.3291465
49522170,0.32925355
25701321,0.32931926
22340896,0.32937245
16285829,0.32941205
15789785,0.32943693
11068360,0.32949628
46916195,0.32970775
3247689,0.32984675
2455789,0.32985272
46811153,0.33029684
6302009,0.33029906
8416342,0.33042089
45585789,0.33053815
5357974,0.33056136
21908913,0.33075574
12081184,0.33092238
48670015,0.33106019
2110860,0.33117605
21920371,0.33126427
49063912,0.33128031
16414741,0.33132999
4967017,0.33151328
32097189,0.33151423
32455350,0.33170235
27494716,0.3318737
6545254,0.33199947
48512926,0.33205387
19994253,0.33209168
31004165,0.33218453
23784719,0.33220197
14050866,0.33235274
45756625,0.33249097
2559449,0.33255795
24673565,0.33283014
4523353,0.33285593
4838552,0.33301291
6913364,0.33303834
29342297,0.33317374
42376838,0.33339355
9194110,0.33342945
18933505,0.33344374
45437250,0.33352495
9642628,0.33353313
10500664,0.33382998
16127859,0.3339699
7314089,0.33406668
33643062,0.3341837
17158519,0.33424024
41058907,0.33427112
31446973,0.33439555
48815702,0.33456334
30244469,0.33457925
48006186,0.33468665
6276865,0.33475573
11913352,0.33492802
48454168,0.33493569
7110072,0.33493827
32468040,0.33505302
21664131,0.33505773
10569000,0.33517242
26871457,0.33560896
3877643,0.33571206
8348794,0.33571724
7313271,0.33584008
2444880,0.33591168
21993053,0.33601172
45989904,0.33610741
48096980,0.33615029
32193029,0.33615198
33170959,0.33621188
16588908,0.33652078
35021231,0.3368045
5299573,0.33700242
12157246,0.33704164
27407693,0.33731117
21026225,0.33740244
32482271,0.33740356
34985616,0.33743247
48490383,0.33748078
47005143,0.33749875
11025639,0.33750907
2495737,0.33752435
37084152,0.33780482
48781441,0.33782214
48274150,0.33785793
49225693,0.33866779
19692318,0.33882077
6385666,0.33883762
39827332,0.33892479
45381933,0.33894766
32350400,0.33900774
8905635,0.33910138
22018084,0.33912264
33048378,0.3394573
28045434,0.33962914
18674561,0.33967057
11139379,0.34007336
46297062,0.34008071
22424781,0.34010324
12693660,0.3401198
28954422,0.34017346
33738477,0.34026754
17292472,0.34027239
7025270,0.34031357
6279741,0.34038297
21281434,0.34042631
27599680,0.34052736
39598228,0.34090827
40254888,0.34097948
26869261,0.34102753
40840313,0.34125259
37747345,0.34147583
11471389,0.34151323
20318709,0.34154903
39615260,0.34187096
31219479,0.34197362
25003810,0.34204879
34404751,0.34214754
22382567,0.34226803
21879258,0.34232553
49683893,0.34276738
17636233,0.34280767
34641758,0.34290853
5857001,0.34301991
7692466,0.34319361
26238782,0.34333285
43009758,0.34333873
8546023,0.34344109
48150872,0.34345443
32960780,0.34346322
29873589,0.34346929
5225127,0.34356751
15140890,0.34399753
41206742,0.34426885
31371152,0.34428561
6254124,0.34436868
25961960,0.3444786
17375007,0.34453522
4715699,0.34484626
27212935,0.34495428
35259987,0.34511723
9805870,0.34526067
6227464,0.34540323
8265837,0.34555567
49611011,0.34566531
46460706,0.34578831
37703253,0.34579338
3706441,0.3460435
47918071,0.34617225
15546991,0.3462094
46177818,0.34622994
11964106,0.34636999
47352370,0.34648348
5944207,0.34657482
23874401,0.34657656
8915823,0.34658886
16155379,0.34673743
5146647,0.34691239
45227840,0.34703823
4255033,0.34704199
16518810,0.34749943
19863834,0.34753518
22743125,0.34783549
49152354,0.34812336
27025998,0.34823578
37074357,0.3482507
21527713,0.34842382
42152966,0.34843506
11781493,0.34847935
10425264,0.3485196
22378877,0.34892168
2795805,0.34953746
15641777,0.35027367
48145059,0.35038522
49172477,0.35050858
36415548,0.35052044
22209685,0.35066819
15787275,0.35073007
5655380,0.35085876
32466262,0.35089115
14206367,0.35095359
36720382,0.35095424
16100473,0.35132563
20399262,0.35180652
11664549,0.35201962
41780101,0.35218492
19480952,0.35219477
46055823,0.35230313
9864265,0.35230829
11682363,0.35255726
7748805,0.35259064
49685931,0.35265066
2287915,0.35289903
37489819,0.35294871
38553299,0.35348861
32536149,0.35360677
19124244,0.35400715
27185977,0.35459258
29296164,0.35491811
15001470,0.35562123
16757849,0.35580814
27248646,0.35581542
33487854,0.35588074
6615236,0.35608198
10890109,0.35614513
49548385,0.35645713
26812571,0.35652443
27314685,0.35674597
42998247,0.35684059
25998509,0.3569989
2371498,0.35705966
40262075,0.35719284
28418016,0.35720112
31342978,0.35720265
10325579,0.35723954
15472218,0.3572733
28720758,0.35775174
1058825,0.35775224
47274291,0.35788393
23617794,0.35816411
49495481,0.35836489
8779560,0.3586821
4416792,0.35878629
12412741,0.35911666
21857088,0.35940397
9426738,0.35940735
12684072,0.35947352
2865038,0.35954112
39000040,0.35979381
11123117,0.35985591
13928853,0.35987938
13101928,0.3599697
37443552,0.36049491
22090272,0.36072451
42618648,0.36076156
33352008,0.36091615
47151051,0.36093291
36231987,0.36105869
7869577,0.36149481
21530089,0.36171849
5525357,0.36176913
3493862,0.36213681
29352077,0.36288597
39507398,0.36319053
7436168,0.36323486
4074955,0.36331302
38770148,0.36389917
38249453,0.36411521
6891384,0.36423855
26655699,0.36435162
34294645,0.36442336
46729024,0.36467189
48854767,0.36473374
40698923,0.36495419
9333127,0.36519673
32996224,0.36537873
38338948,0.36543513
4582372,0.3659156
25564491,0.36615866
12281192,0.36650921
3689316,0.36704996
14617517,0.36717347
1045479,0.36720667
47968786,0.36732727
22100552,0.36739161
36861717,0.36791338
11906837,0.36807396
28286844,0.36815932
4393555,0.36843548
8401542,0.3689398
42540154,0.36924304
13486009,0.36957072
40046089,0.36963204
37759648,0.36976471
31400742,0.36997398
48841084,0.37032677
46803677,0.37040842
45832409,0.37041431
27578153,0.37052298
17880222,0.37165543
48446943,0.37215483
30544472,0.37223107
14043336,0.37250367
5860925,0.37261161
49405822,0.37324473
40533780,0.37426124
5699387,0.37428293
28716853,0.37443807
3117329,0.37449268
48964676,0.37504317
19398743,0.37510973
47177348,0.37516197
21483646,0.3752022
49364986,0.37561122
47962516,0.37702353
49147214,0.37737027
33928954,0.37763662
8664343,0.37781918
5428675,0.37782155
33900061,0.37813489
34865342,0.37863399
48597002,0.37864496
48375076,0.37904956
19278267,0.37945558
36791587,0.37970956
36153038,0.37978692
16716864,0.37994137
48750533,0.38036858
45530000,0.38078928
8262092,0.38091302
18387234,0.38094033
8670134,0.3809509
9802576,0.38095405
10651552,0.38097281
26989740,0.38116713
41977911,0.38125566
9887145,0.38125614
48245524,0.38146184
34516780,0.38202072
14796648,0.3822305
34040775,0.38264478
27494943,0.38292754
29474203,0.38329825
30467281,0.38376036
2487577,0.38385721
38458784,0.38400842
38322386,0.38410354
37561528,0.38412653
21162863,0.38460652
24358054,0.38524623
30204887,0.38614061
8842049,0.38681249
40527050,0.38826297
18986035,0.38875666
9736613,0.38893668
10534234,0.38924889
4666082,0.39056894
48988168,0.39076716
35649250,0.39151473
45872223,0.3918254
46702742,0.39190706
10216230,0.39209017
14003316,0.39248961
30027184,0.39265479
6022040,0.39293236
39562938,0.39294286
10880838,0.39295819
41434524,0.39368421
5933717,0.39491177
13175952,0.39496986
38947726,0.39565114
47517413,0.39598453
35437158,0.39611235
40021133,0.39670936
9559845,0.39705042
36947909,0.39750602
10990036,0.39765541
14382600,0.3996013
27234188,0.3997962
49031380,0.40061721
12377848,0.40070947
20919587,0.40208856
48281671,0.40254713
21908559,0.40360483
34056588,0.40499344
36030281,0.40533261
12366431,0.40600605
23103483,0.40601717
5575276,0.40624388
21636411,0.4080641
2643458,0.40866014
32229941,0.40900152
38305389,0.40939458
47644346,0.40949686
45616228,0.40968461
38174795,0.41018303
39468004,0.41039835
7223848,0.41071103
34990001,0.4110138
39551511,0.41158837
28447827,0.41182134
33993412,0.41184616
49453876,0.41243724
32024254,0.41268494
26791773,0.41384852
19404047,0.41471367
33755187,0.41536413
48402919,0.41640711
42522418,0.41654954
39851962,0.41667299
2301413,0.41856238
21353739,0.41981667
10207970,0.42095964
9168783,0.42289174
5265025,0.42499653
12914806,0.4262249
47921404,0.42637568
47901421,0.42741471
20456642,0.42768228
48449109,0.42875662
41266003,0.43024101
11998404,0.43122861
9357777,0.43148833
28452640,0.43274222
18648408,0.43277369
41173128,0.44158617
48947980,0.44355607
34803000,0.44388733
2185669,0.44448853
6120350,0.44658069
3936490,0.44665393
20626579,0.44992024
5951636,0.45050183
6908446,0.45185019
47133987,0.45258915
24813067,0.45796637
12429765,0.46030583
47019800,0.46087725
34569350,0.46226738
26213046,0.46614185
13679719,0.47171284
15973625,0.4760037
47763936,0.47699162
5724816,0.47724195
49556594,0.47748569
28060412,0.47770654
18370368,0.47848084
3235339,0.48341993
48718677,0.48380978
37888435,0.48652776
34456359,0.49389315
2710520,0.49859284
42480496,0.50877193
5840437,0.5163402
8180447,0.51641016
33755353,0.52696257
34370513,0.53706656
45334972,0.5574418
37816801,0.5583427
36678812,0.57556964
18649882,0.58242377
17102068,0.63277809
